2348720
2348640
2348590
2348519
2348466
2348419
2348343
2348289
2348221
2348175
2348115
2341354
2341291
2341240
2341175
2341145
2340095
2340015
2339952
2339859
2339809
2339779
2339434
2339373
2335688
2335641
2335590
2335554
2335508
2335492
2335385
2335335
2335287
2335242
2335211
2335156
2335131
2335060
2335016
2332636
2332551
2332509
2332424
2332366
2332333
2328033
2327982
2327939
2327893
2327844
2327796
2327779
2327726
2327669
2327614
2314774
2314728
2314664
2314619
2314578
2314534
2314482
2314433
2314384
2314353
2314300
2314251
2308987
2308912
2308857
2308799
2308746
2308694
2308646
2308591
2308548
2302419
2296316
2296267
2296184
2296125
2296084
2296032
2295620
2295536
2288986
2288944
2288868
2288286
2287763
2287664
2287552
2287459
2287271
2287116
2286876
2286803
2286695
2286626
2286557
2355392
2355330
2355282
2355224
2355171
2355118
2355047
2354987
2354911
2354863
2354821
2354773
2354675
2348720
2348640
2348590
2348519
2348466
2348419
2348343
2348289
2348221
2348175
2348115
2341354
2341291
2341240
2341175
2341145
2340095
2340015
2339952
2339859
2339809
2339779
2339434
2339373
2335688
2335641
2335590
2335554
2335508
2335492
2335385
2335335
2335287
2335242
2335211
2335156
2335131
2335060
2335016
2332636
2332551
2332509
2332424
2332366
2332333
2328033
2327982
2327939
2327893
2327844
2327796
2327779
2327726
2327669
2327614
2314774
2314728
2314664
2314619
2314578
2314534
2314482
2314433
2314384
2314353
2314300
2314251
2308987
2308912
2308857
2308799
2308746
2308694
2308646
2308591
2308548
2302419
2296316
2296267
2296184
2296125
2296084
2296032
2295620
2295536
2288986
2288944
